3
11
20
42
48
50
56
79
80
87
90
93
103
106
110
117
124
128
133
138
145
162
164
174
191
207
216
225
226
231
233
237
239
247
257
261
267
268
271
277
279
290
291
296
301
319
326
337
349
362
364
373
385
387
391
416
421
423
433
450
453
461
465
478
480
487
491
498
501
502
505
512
522
530
533
538
544
545
549
551
562
568
572
573
577
581
588
594
601
611
617
618
638
640
647
658
671
679
682
694
700
703
706
710
730
734
741
751
752
773
778
780
782
784
789
790
813
815
835
849
850
854
857
860
863
870
872
880
883
887
899
900
909
911
920
926
927
929
933
947
955
958
963
964
967
970
971
980
983
993
1000
1019
1029
1033
1041
1044
1066
1074
1077
1078
1086
1087
1090
1092
1093
1099
1105
1114
1122
1124
1143
1150
1152
1155
1162
1180
1183
1189
1191
1196
1199
1204
1209
1212
1226
