0
24
26
37
41
46
48
49
62
66
76
80
82
90
92
99
102
106
108
111
118
119
129
132
138
143
151
158
166
175
179
185
186
191
195
213
215
222
223
239
242
243
252
254
259
264
266
268
275
283
286
289
297
304
311
320
326
338
339
344
353
356
378
390
393
396
414
419
428
438
442
451
454
463
478
482
494
501
504
506
514
530
539
540
549
551
556
563
578
580
584
590
593
604
607
608
618
631
634
639
643
665
675
691
699
700
706
713
714
720
722
742
750
756
769
779
788
793
805
807
817
827
832
846
859
861
863
868
874
877
884
889
895
897
901
906
917
921
923
928
951
955
958
962
971
976
977
981
986
990
993
995
1001
1008
1019
1020
1022
1029
1031
1035
1041
1053
1060
1076
1089
1092
1097
1102
1110
1116
1118
1122
1125
1133
1143
1145
1151
1157
1183
1184
1186
1193
1218
1232
1233
1235
1239
